#ring_or_winding_chain_length number_density stderr
4 0.00569216 2.30995e-05
6 0.00201864 1.24492e-05
8 0.00099088 8.80365e-06
10 0.00054936 6.55908e-06
12 0.00033792 5.31036e-06
14 0.00023048 3.91215e-06
16 0.00015608 3.66343e-06
18 0.00011976 2.94473e-06
20 8.752e-05 2.47566e-06
22 6.904e-05 2.21025e-06
24 5.808e-05 2.38024e-06
26 3.952e-05 1.9194e-06
28 3.92e-05 1.70646e-06
30 3.208e-05 1.9283e-06
32 2.448e-05 1.54638e-06
34 2.216e-05 1.20721e-06
36 1.8e-05 1.27687e-06
38 1.896e-05 1.02858e-06
40 1.496e-05 9.50991e-07
42 1.368e-05 1.00746e-06
44 1.32e-05 9.28655e-07
46 1.112e-05 8.45846e-07
48 9.68e-06 7.86242e-07
50 8.88e-06 8.45846e-07
52 7.44e-06 8.33345e-07
54 6.8e-06 7.0993e-07
56 7.52e-06 7.6583e-07
58 5.52e-06 6.66405e-07
60 5.12e-06 5.71538e-07
62 4.72e-06 5.66759e-07
64 4.64e-06 5.78882e-07
66 4.16e-06 6.54633e-07
68 4.4e-06 6.02661e-07
70 3.36e-06 5.08236e-07
72 3.12e-06 5.64496e-07
74 4.08e-06 6.1444e-07
76 4.4e-06 6.72904e-07
78 2.56e-06 4.78397e-07
80 1.84e-06 3.72752e-07
82 2.24e-06 3.93223e-07
84 1.52e-06 3.86906e-07
86 1.76e-06 3.68e-07
88 2.08e-06 4.01915e-07
90 2.24e-06 4.09175e-07
92 1.36e-06 3.40447e-07
94 2.08e-06 4.17536e-07
96 1.84e-06 3.55168e-07
98 1.52e-06 3.52273e-07
100 1.84e-06 3.89543e-07
102 1.28e-06 3.1435e-07
104 1.52e-06 3.52273e-07
106 1.76e-06 3.31397e-07
108 1.84e-06 4.36055e-07
110 1.52e-06 3.52273e-07
112 8e-07 2.4e-07
114 1.2e-06 2.85657e-07
116 1.44e-06 3.46503e-07
118 1.2e-06 2.85657e-07
120 8.8e-07 2.74693e-07
122 8.8e-07 2.50312e-07
124 7.2e-07 2.55374e-07
126 6.4e-07 2.17035e-07
128 7.2e-07 2.55374e-07
130 8.8e-07 2.50312e-07
132 6.4e-07 2.17035e-07
134 2.4e-07 1.3647e-07
136 1.28e-06 3.1435e-07
138 5.6e-07 2.04118e-07
140 8e-07 2.4e-07
142 1.04e-06 2.69043e-07
144 4e-07 1.74356e-07
146 8e-07 2.4e-07
148 8e-07 2.4e-07
150 6.4e-07 2.17035e-07
152 5.6e-07 2.04118e-07
154 8.8e-07 2.50312e-07
156 8.8e-07 2.50312e-07
158 4e-07 1.74356e-07
160 8.8e-07 2.50312e-07
162 5.6e-07 2.04118e-07
164 1.6e-07 1.59198e-07
166 3.2e-07 1.56767e-07
168 2.4e-07 1.3647e-07
170 5.6e-07 2.04118e-07
172 8e-07 2.4e-07
174 1.6e-07 1.12e-07
176 3.2e-07 1.56767e-07
178 8e-08 7.9599e-08
180 2.4e-07 1.3647e-07
182 2.4e-07 1.3647e-07
184 3.2e-07 1.56767e-07
186 4.8e-07 1.89989e-07
188 8e-08 7.9599e-08
190 3.2e-07 1.56767e-07
194 2.4e-07 1.3647e-07
198 2.4e-07 1.3647e-07
200 2.4e-07 1.3647e-07
202 4e-07 1.74356e-07
204 1.6e-07 1.12e-07
206 8e-08 7.9599e-08
208 8e-08 7.9599e-08
210 1.6e-07 1.12e-07
212 4e-07 1.74356e-07
216 1.6e-07 1.12e-07
218 3.2e-07 1.56767e-07
220 3.2e-07 1.56767e-07
222 1.6e-07 1.12e-07
224 1.6e-07 1.12e-07
226 2.4e-07 1.3647e-07
228 2.4e-07 1.3647e-07
232 8e-08 7.9599e-08
234 1.6e-07 1.12e-07
236 1.6e-07 1.12e-07
238 4.8e-07 1.89989e-07
240 4e-07 1.74356e-07
242 2.4e-07 1.3647e-07
244 2.4e-07 1.3647e-07
248 8e-08 7.9599e-08
250 2.4e-07 1.3647e-07
252 2.4e-07 1.3647e-07
254 1.6e-07 1.12e-07
258 8e-08 7.9599e-08
260 8e-08 7.9599e-08
264 1.6e-07 1.12e-07
266 8e-08 7.9599e-08
268 8e-08 7.9599e-08
270 2.4e-07 1.3647e-07
272 2.4e-07 1.3647e-07
276 8e-08 7.9599e-08
280 8e-08 7.9599e-08
282 2.4e-07 1.3647e-07
286 1.6e-07 1.12e-07
290 2.4e-07 1.3647e-07
292 8e-08 7.9599e-08
294 8e-08 7.9599e-08
296 8e-08 7.9599e-08
300 8e-08 7.9599e-08
304 1.6e-07 1.12e-07
306 2.4e-07 1.3647e-07
316 8e-08 7.9599e-08
318 8e-08 7.9599e-08
320 3.2e-07 1.56767e-07
322 8e-08 7.9599e-08
324 8e-08 7.9599e-08
326 8e-08 7.9599e-08
328 8e-08 7.9599e-08
334 1.6e-07 1.12e-07
338 8e-08 7.9599e-08
344 8e-08 7.9599e-08
346 1.6e-07 1.12e-07
350 8e-08 7.9599e-08
362 8e-08 7.9599e-08
366 8e-08 7.9599e-08
368 8e-08 7.9599e-08
372 8e-08 7.9599e-08
374 8e-08 7.9599e-08
376 1.6e-07 1.12e-07
378 8e-08 7.9599e-08
380 8e-08 7.9599e-08
384 8e-08 7.9599e-08
388 8e-08 7.9599e-08
392 8e-08 7.9599e-08
394 8e-08 7.9599e-08
400 8e-08 7.9599e-08
404 1.6e-07 1.12e-07
408 8e-08 7.9599e-08
414 1.6e-07 1.12e-07
418 8e-08 7.9599e-08
424 8e-08 7.9599e-08
430 8e-08 7.9599e-08
438 1.6e-07 1.12e-07
450 8e-08 7.9599e-08
468 8e-08 7.9599e-08
474 1.6e-07 1.12e-07
486 2.4e-07 1.3647e-07
488 8e-08 7.9599e-08
500 8e-08 7.9599e-08
504 8e-08 7.9599e-08
518 8e-08 7.9599e-08
522 1.6e-07 1.12e-07
536 8e-08 7.9599e-08
552 8e-08 7.9599e-08
560 8e-08 7.9599e-08
566 8e-08 7.9599e-08
568 8e-08 7.9599e-08
570 8e-08 7.9599e-08
572 8e-08 7.9599e-08
610 8e-08 7.9599e-08
632 8e-08 7.9599e-08
634 8e-08 7.9599e-08
638 8e-08 7.9599e-08
650 8e-08 7.9599e-08
652 8e-08 7.9599e-08
660 8e-08 7.9599e-08
664 8e-08 7.9599e-08
670 8e-08 7.9599e-08
672 8e-08 7.9599e-08
688 8e-08 7.9599e-08
694 8e-08 7.9599e-08
696 8e-08 7.9599e-08
702 8e-08 7.9599e-08
704 1.6e-07 1.12e-07
706 8e-08 7.9599e-08
712 8e-08 7.9599e-08
720 8e-08 7.9599e-08
748 8e-08 7.9599e-08
750 8e-08 7.9599e-08
754 8e-08 7.9599e-08
758 8e-08 7.9599e-08
762 8e-08 7.9599e-08
784 8e-08 7.9599e-08
790 8e-08 7.9599e-08
792 8e-08 7.9599e-08
794 1.6e-07 1.12e-07
802 8e-08 7.9599e-08
812 8e-08 7.9599e-08
862 8e-08 7.9599e-08
870 8e-08 7.9599e-08
874 8e-08 7.9599e-08
876 8e-08 7.9599e-08
918 8e-08 7.9599e-08
946 8e-08 7.9599e-08
960 8e-08 7.9599e-08
966 8e-08 7.9599e-08
1036 8e-08 7.9599e-08
1038 8e-08 7.9599e-08
1088 8e-08 7.9599e-08
1134 8e-08 7.9599e-08
1142 8e-08 7.9599e-08
1152 8e-08 7.9599e-08
1208 8e-08 7.9599e-08
1218 8e-08 7.9599e-08
1262 8e-08 7.9599e-08
1266 8e-08 7.9599e-08
1278 8e-08 7.9599e-08
1314 8e-08 7.9599e-08
1404 8e-08 7.9599e-08
1412 8e-08 7.9599e-08
1430 8e-08 7.9599e-08
1480 8e-08 7.9599e-08
1508 8e-08 7.9599e-08
1606 8e-08 7.9599e-08
1660 8e-08 7.9599e-08
1664 8e-08 7.9599e-08
1712 8e-08 7.9599e-08
1748 8e-08 7.9599e-08
1792 8e-08 7.9599e-08
1798 8e-08 7.9599e-08
1818 8e-08 7.9599e-08
1834 8e-08 7.9599e-08
1840 8e-08 7.9599e-08
1874 8e-08 7.9599e-08
1892 8e-08 7.9599e-08
1924 8e-08 7.9599e-08
1928 8e-08 7.9599e-08
1990 8e-08 7.9599e-08
2016 8e-08 7.9599e-08
2048 8e-08 7.9599e-08
2072 8e-08 7.9599e-08
2144 8e-08 7.9599e-08
2146 8e-08 7.9599e-08
2168 8e-08 7.9599e-08
2180 8e-08 7.9599e-08
2276 8e-08 7.9599e-08
2362 8e-08 7.9599e-08
2380 8e-08 7.9599e-08
2418 8e-08 7.9599e-08
2452 8e-08 7.9599e-08
2466 8e-08 7.9599e-08
2472 8e-08 7.9599e-08
2482 8e-08 7.9599e-08
2658 8e-08 7.9599e-08
2672 8e-08 7.9599e-08
2700 8e-08 7.9599e-08
2738 8e-08 7.9599e-08
2748 8e-08 7.9599e-08
2810 8e-08 7.9599e-08
2900 8e-08 7.9599e-08
2918 8e-08 7.9599e-08
3200 8e-08 7.9599e-08
3274 8e-08 7.9599e-08
3292 8e-08 7.9599e-08
3322 8e-08 7.9599e-08
3372 8e-08 7.9599e-08
3408 1.6e-07 1.12e-07
3482 8e-08 7.9599e-08
3522 8e-08 7.9599e-08
3544 8e-08 7.9599e-08
3558 8e-08 7.9599e-08
3690 8e-08 7.9599e-08
3800 8e-08 7.9599e-08
3848 8e-08 7.9599e-08
3874 8e-08 7.9599e-08
3906 8e-08 7.9599e-08
3914 8e-08 7.9599e-08
3918 8e-08 7.9599e-08
3926 8e-08 7.9599e-08
4012 8e-08 7.9599e-08
4076 8e-08 7.9599e-08
4098 8e-08 7.9599e-08
4218 8e-08 7.9599e-08
4278 8e-08 7.9599e-08
4396 8e-08 7.9599e-08
4426 8e-08 7.9599e-08
4570 8e-08 7.9599e-08
4984 8e-08 7.9599e-08
5336 8e-08 7.9599e-08
5518 8e-08 7.9599e-08
5684 8e-08 7.9599e-08
5716 8e-08 7.9599e-08
5742 8e-08 7.9599e-08
5776 8e-08 7.9599e-08
5840 8e-08 7.9599e-08
6032 8e-08 7.9599e-08
6056 8e-08 7.9599e-08
6116 8e-08 7.9599e-08
6410 8e-08 7.9599e-08
6612 8e-08 7.9599e-08
6936 8e-08 7.9599e-08
7456 8e-08 7.9599e-08
7572 8e-08 7.9599e-08
7608 8e-08 7.9599e-08
7816 8e-08 7.9599e-08
7824 8e-08 7.9599e-08
7980 8e-08 7.9599e-08
7992 8e-08 7.9599e-08
8030 8e-08 7.9599e-08
8418 8e-08 7.9599e-08
8490 8e-08 7.9599e-08
8936 8e-08 7.9599e-08
9192 8e-08 7.9599e-08
9354 8e-08 7.9599e-08
9506 8e-08 7.9599e-08
9508 8e-08 7.9599e-08
9522 8e-08 7.9599e-08
9640 8e-08 7.9599e-08
10392 8e-08 7.9599e-08
10538 8e-08 7.9599e-08
11104 8e-08 7.9599e-08
12138 8e-08 7.9599e-08
12186 8e-08 7.9599e-08
12222 8e-08 7.9599e-08
12290 8e-08 7.9599e-08
12622 8e-08 7.9599e-08
13316 8e-08 7.9599e-08
13388 8e-08 7.9599e-08
13568 8e-08 7.9599e-08
14100 8e-08 7.9599e-08
15120 8e-08 7.9599e-08
15200 8e-08 7.9599e-08
15788 8e-08 7.9599e-08
16228 8e-08 7.9599e-08
16494 8e-08 7.9599e-08
16528 8e-08 7.9599e-08
18558 8e-08 7.9599e-08
19420 8e-08 7.9599e-08
20600 8e-08 7.9599e-08
20738 8e-08 7.9599e-08
21074 8e-08 7.9599e-08
21130 8e-08 7.9599e-08
23694 8e-08 7.9599e-08
25232 8e-08 7.9599e-08
25798 8e-08 7.9599e-08
27328 8e-08 7.9599e-08
27344 8e-08 7.9599e-08
31810 8e-08 7.9599e-08
35870 8e-08 7.9599e-08
40368 8e-08 7.9599e-08
43054 8e-08 7.9599e-08
43172 8e-08 7.9599e-08
43360 8e-08 7.9599e-08
46004 8e-08 7.9599e-08
46254 8e-08 7.9599e-08
52094 8e-08 7.9599e-08
52734 8e-08 7.9599e-08
53510 8e-08 7.9599e-08
56302 8e-08 7.9599e-08
65494 8e-08 7.9599e-08
